------------
Topic 3 (1404 tokens)
------------
0.02617	37.00000	0.01000	one
0.02476	35.00000	0.01000	also
0.01486	21.00000	0.01000	born
0.01344	19.00000	0.01000	used
0.01344	19.00000	0.01000	new
0.01344	19.00000	0.01000	made
0.01203	17.00000	0.01000	known
0.01132	16.00000	0.01000	village
0.01062	15.00000	0.01000	would
0.00991	14.00000	0.01000	several
0.00991	14.00000	0.01000	two
0.00920	13.00000	0.01000	time
0.00849	12.00000	0.01000	include
0.00849	12.00000	0.01000	many
0.00849	12.00000	0.01000	member
0.00849	12.00000	0.01000	played
0.00779	11.00000	0.01000	well
0.00779	11.00000	0.01000	series
0.00708	10.00000	0.01000	service
0.00708	10.00000	0.01000	high
0.00708	10.00000	0.01000	could
0.00708	10.00000	0.01000	team
0.00708	10.00000	0.01000	position
0.00637	9.00000	0.01000	early
0.00637	9.00000	0.01000	2006
0.00637	9.00000	0.01000	mother
0.00637	9.00000	0.01000	rugby
0.00637	9.00000	0.01000	served
0.00637	9.00000	0.01000	received
0.00637	9.00000	0.01000	white
0.00566	8.00000	0.01000	political
0.00566	8.00000	0.01000	road
0.00566	8.00000	0.01000	different
0.00566	8.00000	0.01000	connected
0.00566	8.00000	0.01000	species
0.00566	8.00000	0.01000	long
0.00566	8.00000	0.01000	joined
0.00566	8.00000	0.01000	best
0.00566	8.00000	0.01000	second
0.00496	7.00000	0.01000	set
0.00496	7.00000	0.01000	limited
0.00496	7.00000	0.01000	production
0.00496	7.00000	0.01000	third
0.00496	7.00000	0.01000	show
0.00496	7.00000	0.01000	number
0.00496	7.00000	0.01000	2002
0.00496	7.00000	0.01000	father
0.00496	7.00000	0.01000	contract
0.00425	6.00000	0.01000	modern
0.00425	6.00000	0.01000	created
------------
Topic 4 (1900 tokens)
------------
0.03142	60.00000	0.01000	also
0.02566	49.00000	0.01000	one
0.02147	41.00000	0.01000	two
0.01414	27.00000	0.01000	would
0.01414	27.00000	0.01000	known
0.01362	26.00000	0.01000	took
0.01205	23.00000	0.01000	species
0.01152	22.00000	0.01000	born
0.01152	22.00000	0.01000	time
0.01100	21.00000	0.01000	made
0.01048	20.00000	0.01000	used
0.00995	19.00000	0.01000	many
0.00995	19.00000	0.01000	found
0.00943	18.00000	0.01000	new
0.00891	17.00000	0.01000	second
0.00891	17.00000	0.01000	member
0.00838	16.00000	0.01000	back
0.00838	16.00000	0.01000	well
0.00786	15.00000	0.01000	three
0.00786	15.00000	0.01000	four
0.00734	14.00000	0.01000	name
0.00734	14.00000	0.01000	large
0.00734	14.00000	0.01000	place
0.00734	14.00000	0.01000	played
0.00681	13.00000	0.01000	built
0.00681	13.00000	0.01000	early
0.00681	13.00000	0.01000	family
0.00681	13.00000	0.01000	joined
0.00681	13.00000	0.01000	team
0.00681	13.00000	0.01000	club
0.00681	13.00000	0.01000	national
0.00629	12.00000	0.01000	another
0.00629	12.00000	0.01000	2006
0.00629	12.00000	0.01000	former
0.00576	11.00000	0.01000	2008
0.00576	11.00000	0.01000	several
0.00576	11.00000	0.01000	could
0.00576	11.00000	0.01000	led
0.00524	10.00000	0.01000	village
0.00524	10.00000	0.01000	n't
0.00524	10.00000	0.01000	featured
0.00524	10.00000	0.01000	followed
0.00524	10.00000	0.01000	series
0.00524	10.00000	0.01000	moved
0.00524	10.00000	0.01000	currently
0.00524	10.00000	0.01000	best
0.00524	10.00000	0.01000	2005
0.00524	10.00000	0.01000	served
0.00524	10.00000	0.01000	training
0.00524	10.00000	0.01000	white
------------
Topic 1 (2228 tokens)
------------
0.03352	75.00000	0.01000	also
0.02726	61.00000	0.01000	one
0.02235	50.00000	0.01000	two
0.02145	48.00000	0.01000	game
0.01654	37.00000	0.01000	new
0.01475	33.00000	0.01000	team
0.01430	32.00000	0.01000	would
0.01296	29.00000	0.01000	born
0.01252	28.00000	0.01000	school
0.01252	28.00000	0.01000	known
0.01207	27.00000	0.01000	many
0.01207	27.00000	0.01000	played
0.01073	24.00000	0.01000	number
0.01073	24.00000	0.01000	time
0.01028	23.00000	0.01000	used
0.00939	21.00000	0.01000	village
0.00939	21.00000	0.01000	made
0.00849	19.00000	0.01000	well
0.00805	18.00000	0.01000	several
0.00760	17.00000	0.01000	name
0.00760	17.00000	0.01000	family
0.00760	17.00000	0.01000	high
0.00760	17.00000	0.01000	2002
0.00715	16.00000	0.01000	series
0.00715	16.00000	0.01000	second
0.00671	15.00000	0.01000	joined
0.00626	14.00000	0.01000	early
0.00626	14.00000	0.01000	another
0.00626	14.00000	0.01000	four
0.00581	13.00000	0.01000	book
0.00581	13.00000	0.01000	son
0.00537	12.00000	0.01000	2008
0.00537	12.00000	0.01000	life
0.00537	12.00000	0.01000	moved
0.00537	12.00000	0.01000	2007
0.00537	12.00000	0.01000	large
0.00537	12.00000	0.01000	served
0.00537	12.00000	0.01000	father
0.00537	12.00000	0.01000	national
0.00537	12.00000	0.01000	games
0.00492	11.00000	0.01000	case
0.00492	11.00000	0.01000	began
0.00492	11.00000	0.01000	show
0.00492	11.00000	0.01000	former
0.00492	11.00000	0.01000	per
0.00447	10.00000	0.01000	original
0.00447	10.00000	0.01000	different
0.00447	10.00000	0.01000	based
0.00447	10.00000	0.01000	could
0.00447	10.00000	0.01000	2012
------------
Topic 2 (2249 tokens)
------------
0.03453	78.00000	0.01000	also
0.02878	65.00000	0.01000	one
0.01815	41.00000	0.01000	would
0.01417	32.00000	0.01000	two
0.01417	32.00000	0.01000	known
0.01284	29.00000	0.01000	used
0.01240	28.00000	0.01000	game
0.01151	26.00000	0.01000	many
0.01019	23.00000	0.01000	served
0.01019	23.00000	0.01000	reported
0.00930	21.00000	0.01000	new
0.00930	21.00000	0.01000	time
0.00930	21.00000	0.01000	made
0.00886	20.00000	0.01000	well
0.00886	20.00000	0.01000	played
0.00842	19.00000	0.01000	four
0.00797	18.00000	0.01000	letters
0.00797	18.00000	0.01000	based
0.00797	18.00000	0.01000	member
0.00797	18.00000	0.01000	place
0.00753	17.00000	0.01000	several
0.00709	16.00000	0.01000	three
0.00664	15.00000	0.01000	national
0.00620	14.00000	0.01000	early
0.00620	14.00000	0.01000	school
0.00620	14.00000	0.01000	included
0.00620	14.00000	0.01000	could
0.00620	14.00000	0.01000	2007
0.00620	14.00000	0.01000	second
0.00620	14.00000	0.01000	games
0.00576	13.00000	0.01000	born
0.00576	13.00000	0.01000	name
0.00576	13.00000	0.01000	life
0.00576	13.00000	0.01000	family
0.00576	13.00000	0.01000	way
0.00576	13.00000	0.01000	top
0.00532	12.00000	0.01000	team
0.00532	12.00000	0.01000	series
0.00487	11.00000	0.01000	six
0.00487	11.00000	0.01000	make
0.00487	11.00000	0.01000	taken
0.00487	11.00000	0.01000	began
0.00487	11.00000	0.01000	found
0.00487	11.00000	0.01000	point
0.00487	11.00000	0.01000	large
0.00487	11.00000	0.01000	major
0.00487	11.00000	0.01000	home
0.00443	10.00000	0.01000	village
0.00443	10.00000	0.01000	received
0.00443	10.00000	0.01000	late
------------
Topic 0 (2071 tokens)
------------
0.04373	91.00000	0.01000	also
0.02740	57.00000	0.01000	one
0.02163	45.00000	0.01000	two
0.02115	44.00000	0.01000	time
0.01923	40.00000	0.01000	used
0.01394	29.00000	0.01000	many
0.01298	27.00000	0.01000	known
0.01250	26.00000	0.01000	four
0.01154	24.00000	0.01000	made
0.01106	23.00000	0.01000	born
0.01106	23.00000	0.01000	include
0.01106	23.00000	0.01000	several
0.01058	22.00000	0.01000	due
0.00962	20.00000	0.01000	different
0.00914	19.00000	0.01000	well
0.00914	19.00000	0.01000	new
0.00914	19.00000	0.01000	member
0.00865	18.00000	0.01000	air
0.00865	18.00000	0.01000	long
0.00865	18.00000	0.01000	high
0.00865	18.00000	0.01000	reported
0.00817	17.00000	0.01000	large
0.00769	16.00000	0.01000	political
0.00769	16.00000	0.01000	three
0.00769	16.00000	0.01000	team
0.00769	16.00000	0.01000	former
0.00721	15.00000	0.01000	second
0.00673	14.00000	0.01000	2006
0.00673	14.00000	0.01000	would
0.00673	14.00000	0.01000	national
0.00625	13.00000	0.01000	family
0.00625	13.00000	0.01000	received
0.00577	12.00000	0.01000	near
0.00577	12.00000	0.01000	based
0.00577	12.00000	0.01000	point
0.00577	12.00000	0.01000	led
0.00577	12.00000	0.01000	day
0.00577	12.00000	0.01000	world
0.00577	12.00000	0.01000	played
0.00529	11.00000	0.01000	early
0.00529	11.00000	0.01000	parish
0.00529	11.00000	0.01000	2012
0.00529	11.00000	0.01000	number
0.00529	11.00000	0.01000	time.
0.00529	11.00000	0.01000	major
0.00481	10.00000	0.01000	built
0.00481	10.00000	0.01000	village
0.00481	10.00000	0.01000	six
0.00481	10.00000	0.01000	found
0.00481	10.00000	0.01000	occurs
